S:200,150;1652,150;1651,1024;200,1024;200,150
M:395,262;1023,262;1004,282;413,282;395,262
M:413,282;395,262;395,912;443,912;443,893;413,893;413,282
M:516,893;516,912;1023,912;1004,893;516,893
M:1023,912;1004,893;1004,707;1023,707;1023,912
M:1023,800;1023,819;1458,819;1439,800;1023,800
M:1458,819;1439,800;1439,419;1458,400;1458,819
M:1439,419;1458,400;1125,400;1125,419;1439,419
M:1125,400;1125,419;1004,419;1004,281;1023,262;1023,400;1125,400
M:413,558;413,577;667,577;667,558;413,558
M:770,807;789,807;789,577;808,577;808,558;789,558;789,281;770,281;770,558;754,558;754,577;770,577;770,807
M:895,558;895,577;1004,577;1004,618;1023,618;1023,577;1183,577;1183,419;1164,419;1164,558;895,558
P:667,558;667,577;754,577;754,558;667,558
P:770,808;789,808;789,892;770,892;770,808
P:444,893;444,912;515,912;515,893;444,893
P:809,558;809,577;895,577;895,558;809,558
P:1004,619;1023,619;1023,706;1004,706;1004,619
P:1033,800;1124,800;1124,819;1033,819;1033,800
O:0,0;1920,0,1920;1920,1080;0,1080
O:394,261;1024,261;1024,400;1459,400;1459,820;1024,820;1024,913;393,913;394,261